Context,Collocate
Years 1948-1952: sec. In spite of the fact that the wings were beating,spite
Years 1948-1952: finite in spite of the fact that (small) variations of pressure,spite
Years 1948-1952: found in spite of the fact that most of them would,spite
"Years 1948-1952: who, in spite of the fact that the amount of water",spite
Years 1948-1952: good in spite of the fact that in most cases a,spite
Years 1948-1952: mid-line in spite of the fact that in the stage and,spite
"Years 1948-1952: mesenchyme, in spite of the fact that it contains node tissue.",spite
Years 1948-1952: families in spite of the fact that food is normally scarce,spite
"Years 1948-1952: hr., in spite of the fact that lung volume has increased,",spite
"Years 1948-1952: second, in spite of the fact that a more accurate derivative",spite
Years 1948-1952: solution in spite of the fact that Calgon is a very,spite
"Years 1948-1952: Since, in spite of the fact that wind speeds are greater",spite
Years 1948-1952: that in spite of the fact that the activity of a,spite
Years 1948-1952: all in spite of the fact that it is in contact,spite
"Years 1948-1952: <0°8, in spite of the fact that for an infinite number",spite
"Years 1948-1952: it, in spite of the fact that as the decay time",spite
Years 1948-1952: wave. In spite of the fact that the record was confined,spite
"Years 1948-1952: 3, in spite of the fact that the surface traction on",spite
Years 1948-1952: records in spite of the fact that they should arrive before,spite
"Years 1948-1952: 7:-6cm, in spite of the fact that at the smaller distance",spite
Years 1948-1952: also borne out by the fact that at 80% R.H. with,borne
Years 1948-1952: also borne out by the fact that the initial moisture of,borne
Years 1948-1952: also borne out by the fact that though the active larval,borne
Years 1948-1952: also borne out by the fact that a much higher percentage,borne
Years 1948-1952: is borne out by the fact that their theoretical threshold of,borne
Years 1948-1952: is borne out by the fact that there was a very,borne
Years 1948-1952: deformed rubber arises from the fact that the average entropy of,arises
Years 1948-1952: theoretical interest arises from the fact that dextrin azide is more,arises
Years 1948-1952: theoretical interest arises from the fact that dextrin azide is more,arises
Years 1948-1952: second uncertainty arises from the fact that the radon is not,arises
Years 1948-1952: second abnormality arises from the fact that inside the pipe ordinary,arises
"Years 1948-1952: on X}, arises from the fact that they have used a",arises
Years 1948-1952: practice. This arises from the fact that the geometrical dependence of,arises
Years 1948-1952: ignored. This arises from the fact that FF and (G?/R2) EE,arises
"Years 1948-1952: this paper, arises from the fact that a large explosion in",arises
"Years 1948-1952: considerable simplification arises from the fact that /,, 8, and f,",arises
Years 1948-1952: 47; this arises from the fact that the thickness of the,arises
Years 1948-1952: and (29) arises from the fact that when a layer of,arises
Years 1948-1952: difficulty now arises in the fact that having chosen to represent,arises
Years 1948-1952: which is supported by the fact that under certain circumstances it,supported
Years 1948-1952: which is supported by the fact that in Boreosomus the homologous,supported
Years 1948-1952: view is supported by the fact that the Leptothrix 5 form,supported
Years 1948-1952: conclusion is supported by the fact that histolysis takes place among,supported
Years 1948-1952: possibility is supported by the fact that at a higher level,supported
"Years 1948-1952: is, moreover, supported by the fact that in the purification of",supported
"Years 1948-1952: This is supported by the fact that, although there is a",supported
"Years 1948-1952: confirmed more accurately by the fact that the centroid ofthe P,",confirmed
"Years 1948-1952: those of the spermathecae, a fact confirmed by the very young",confirmed
Years 1948-1952: conclusion is confirmed by the fact that the lumen in the,confirmed
Years 1948-1952: This is confirmed by the fact that the damped pendulum record,confirmed
"Years 1948-1952: antero-ventral is confirmed by the fact that, in the earlier stages,",confirmed
Years 1948-1952: This is confirmed by the fact that the break- down potentials,confirmed
Years 1948-1952: interpretation is confirmed by the fact that opposite signs are found,confirmed
"Years 1948-1952: specimens, and this was in fact later confirmed by direct chemical",confirmed
Years 1948-1952: dash-pot H. Owing to the fact that the centre of gravity,owing
"Years 1948-1952: was used, owing to the fact that the roughness increased progressively.",owing
Years 1948-1952: spermathecal duct. Owing to the fact that the duct is surrounded,owing
"Years 1948-1952: the adult, owing to the fact that the fused petrosal and",owing
"Years 1948-1952: pure bending, owing to the fact that with a central concentrated",owing
"Years 1948-1952: in (96) owing to the fact that K,,;,. mately dominates the",owing
"Years 1948-1952: 511 eye, owing to the fact that each primordium touches certain",owing
"Years 1948-1952: error, owing largely to the fact that the primordia compared are",owing
"Years 1948-1952: Wardlaw, but owing to the fact that transverse sections nowreplace the",owing
"Years 1948-1952: so when, owing to the fact that only a few isolated",owing
"Years 1948-1952: to accomplish, owing to the fact that hydrogen peroxide is but",owing
"Years 1948-1952: other hand, account for the fact that, in strongly desensitized plates,",account
"Years 1948-1952: again take account of the fact discussed in § 8, that",account
Years 1948-1952: can it account for the fact that the structure of a,account
Years 1948-1952: account in part for the fact that the hexahydrate is much,account
Years 1948-1952: could not account for the fact that in Rhoeo the kathodic,account
"Years 1948-1952: indeed, perhaps account for the fact that in Rhoeo the anodic",account
"Years 1948-1952: some time before sectioning, a fact that may possibly account for",account
Years 1948-1952: may well account for the fact that locusts taking off in,account
Years 1948-1952: took no account of the fact that the retinal velocity experienced,account
Years 1948-1952: factor taking account of the fact that perhaps the exchange of,account
Years 1948-1952: hydrolysis might account for the fact that the peroxide behaved in,account
Years 1948-1952: must therefore account for the fact that although abundance (and presumably,account
Years 1948-1952: by taking into account the fact that the morphogens do not,account
Years 1948-1952: also on account of the fact that two extra parameters would,account
"Years 1948-1952: so taking account of the fact that the loops I’, and",account
Years 1948-1952: particularly in view of the fact that the values of /,view
Years 1948-1952: also in view of the fact that sensitization persists on cooling,view
Years 1948-1952: disks. In view of the fact that the probability of detonation,view
Years 1948-1952: view is supported by the fact that the Leptothrix 5 form,view
Years 1948-1952: 505); in view of this fact it was deemed necessary to,view
Years 1948-1952: satisfactory in view of the fact that the boiling-point is far,view
Years 1948-1952: 11). In view of the fact that methyl radicals are usually,view
Years 1948-1952: interesting in view of the fact that the scheme of innervation,view
"Years 1948-1952: identification, in view of the fact that the species that come",view
Years 1948-1952: especially in view of the fact that it is the subject,view
Years 1948-1952: remarkable in view of the fact that Cetorhinus is almost certainly,view
Years 1948-1952: particularly in view of the fact that this test was carried,view
Years 1948-1952: considerable in view of the fact that the transition concerned is,view
"Years 1948-1952: must, in view of the fact that several Indian and Pakistan",view
Years 1948-1952: particularly in view of the fact that it was proposed to,view
Years 1948-1952: such a view is the fact that decrease from peak numbers,view
"Years 1948-1952: with small animal burrows, a fact in harmony with the view",view
Years 1948-1952: —n(n-+1)/p?. In view of this fact it is evident that a,view
Years 1948-1952: km/s). In view of the fact that a layer of similar,view
Years 1948-1952: the plates due to the fact that the plates are not,due
"Years 1948-1952: is clearly due to the fact that the (¢,/c),a/A) curve of",due
"Years 1948-1952: dura- tion, due to the fact that the (¢,/¢,a/A) curve shows",due
Years 1948-1952: will be due to the fact that the two theories lead,due
Years 1948-1952: difference is due to the fact that the force on the,due
Years 1948-1952: is due 3 to the fact that a crystal will break,due
Years 1948-1952: is probably due to the fact that thin layers of composition,due
Years 1948-1952: 32 is due to the fact that the less sensitive high,due
"Years 1948-1952: R, is due to the fact that the values, except for",due
Years 1948-1952: temperature is due to the fact that the period covered was,due
Years 1948-1952: scale is due to the fact that the rudiment with a,due
Years 1948-1952: is probably due to the fact that he had exposed larvae,due
Years 1948-1952: due to this cause. The fact that in both these species,due
Years 1948-1952: This is due to the fact that the thresholds of their,due
Years 1948-1952: theory is due to the fact that perfect axial symmetry is,due
"Years 1948-1952: couple is due to the fact that, because of the lateral",due
"Years 1948-1952: which appear arise from the fact that, due to gravity, Z",due
"Years 1948-1952: due in part to the fact that P, is continually fed",due
Years 1948-1952: conceivably be due to the fact that presumptive side-plate OF PRIMITIVE,due
Years 1948-1952: to be due to the fact that the statements of Broom,due
Years 1948-1952: torque was due to the fact that the free end of,due
Years 1948-1952: case is due to the fact that the reduction in B,due
Years 1948-1952: was partly due to the fact that although all the locusts,due
Years 1948-1952: may be due to the fact that it is preserved on,due
Years 1948-1952: tetraethyl is due to the fact that they were not able,due
Years 1948-1952: a variation due to the fact that neither u2/U? nor u?/U?(1--A),due
Years 1948-1952: core material it must in fact be due to a thin,due
Years 1948-1952: This is due to the fact that whereas an acoustic shock-wave,due
Years 1948-1952: is probably due to the fact that the greater part of,due
Years 1948-1952: lines is due to the fact that they are intersections by,due
Years 1948-1952: is probably due to the fact that he used rich nutrient,due
Years 1948-1952: may be due to the fact that the later whorls are,due
Years 1948-1952: almost entirely due to the fact that Winny’s analysis leads to,due
"Years 1948-1952: measuring instrument, due to the fact ‘Bhat both test body and",due
Years 1948-1952: quite large due to the fact hat the Mumetal shields will,due
Years 1948-1952: was probably due to the fact that the equilibrium position f,due
Years 1948-1952: join at its sides. This fact suggests that the cells at,suggests
Years 1948-1952: suggests the locusts are in fact at the mercy of strong,suggests
Years 1948-1952: types at all localities. This fact suggests that a representative sample,suggests
"Years 1948-1952: M, in M. orcadensis, a fact which suggests that the tooth",suggests
Years 1948-1952: extraordinary aberrant forms. This curious fact suggests that Arabia formed part,suggests
"Years 1948-1952: fine graduation in size, a fact which suggests that the frond",suggests
"Years 1948-1952: confusion need arise from the fact that y, A and C",arise
Years 1948-1952: in the shoot. From the fact that leaf primordia arise on,arise
Years 1948-1952: their data arise from the fact that these workers presumed that,arise
"Years 1948-1952: which appear arise from the fact that, due to gravity, Z",arise
Years 1948-1952: main discrepancies arise from the fact that my values were based,arise
"Years 1948-1952: real, and arise from the fact that these equations, particularly when",arise
Years 1948-1952: present treatment lies in the fact that no complications arise when,arise
Years 1948-1952: appears to arise from the fact that Koehler had to split,arise
Years 1948-1952: since they do not in fact arise from body forces. The,arise
"Years 1948-1952: shows, the actual record in fact covers STUDY OF THE HOPKINSON",actual
"Years 1948-1952: M, N, R). In actual fact the quantities e» and ¢,",actual
Years 1948-1952: was perfectly launched. In actual fact part of the initial tip-off,actual
Years 1948-1952: of exponential form. In actual fact the Geep observations cannot be,actual
Years 1948-1952: produce such ionization. In actual fact the average energy dissipated in,actual
Years 1948-1952: direction. Since uf is in fact the actual displacement u;*in regions,actual
"Years 1948-1952: table 11, and in actual fact this type of integral is",actual
Years 1948-1952: may be drawn to the fact that in many of the,drawn
Years 1948-1952: clusion is drawn from the fact that the same imaginal disks,drawn
Years 1948-1952: Attention is drawn to the fact that pollen of the genus,drawn
Years 1948-1952: yield values. It is this fact that modified the conclusion drawn,drawn
Years 1948-1952: Attention is drawn to the fact that some (but by no,drawn
"Years 1948-1952: may be drawn to the fact that, though the 13 transition",drawn
"Years 1948-1952: has drawn attention to the fact that the name Fimbria Bohadsch,",drawn
Years 1948-1952: appears to lie in the fact that it turns attention to,lie
Years 1948-1952: by using (6-3-1) and the fact that 77 is zero at,using
Years 1948-1952: the left and using the fact that effects cannot be propagated,using
"Years 1948-1952: [X)). Adding, and using the fact that [ji] = —[ij], we",using
"Years 1948-1952: very similar argument, using the fact that, if K is fully",using
"Years 1948-1952: also be deduced, using the fact that (1, 1, 1) is",using
Years 1948-1952: been described spring from the fact that by using suitable conditions,using
"Years 1948-1952: Ficure 1 Similarly, using the fact that the region either terminates",using
Years 1948-1952: used repeatedly below. Using the fact that (s?S! | var |,using
"Years 1948-1952: and sB. 5 Using the fact that —C(sA?S'sBsC'S!w, sAsCS!sB?S!0) = —1",using
"Years 1948-1952: the case, by using the fact that it was found satisfactory",using
"Years 1948-1952: 48) copy and using the fact that T/S = Ay, *",using
Years 1948-1952: work is provided by the fact that at the surfaces of,provided
Years 1948-1952: reason is provided by the fact that the laminar layer is,provided
Years 1948-1952: grafts is provided by the fact that the 12-day grafts (on,provided
Years 1948-1952: evidence is provided by the fact that the stalk of Bensonites,provided
Years 1948-1952: check is provided by the fact that each subtable represents an,provided
"Years 1948-1952: experiments, considered together with the fact that the haltere is a",together
"Years 1948-1952: These relations, together with the fact that L,, L,, P, are",together
Years 1948-1952: count of heavy recoils; the fact that the observed abundance of,observed
Years 1948-1952: rocket. This explains the well-known fact frequently observed in trials that,observed
Years 1948-1952: +s results with the observed fact that areas where sediment has,observed
Years 1948-1952: for the observed anomalies. The fact that even larger anomalies are,observed
Years 1948-1952: an explanation for the observed fact that the ‘fading time’ of,observed
"Years 1948-1952: a long time, which in fact was observed in some experiments.",observed
Years 1948-1952: by such direct responses. The fact that the observed responses to,observed
Years 1948-1952: on a quiet day. The fact that the observed errors are,observed
Years 1948-1952: count of heavy recoils; the fact that the observed abundance of,observed
Years 1948-1952: rocket. This explains the well-known fact frequently observed in trials that,observed
Years 1948-1952: +s results with the observed fact that areas where sediment has,observed
Years 1948-1952: for the observed anomalies. The fact that even larger anomalies are,observed
Years 1948-1952: an explanation for the observed fact that the ‘fading time’ of,observed
"Years 1948-1952: a long time, which in fact was observed in some experiments.",observed
Years 1948-1952: by such direct responses. The fact that the observed responses to,observed
Years 1948-1952: on a quiet day. The fact that the observed errors are,observed
Years 1948-1952: satisfactory in view of the fact that the boiling-point is far,far
Years 1948-1952: directions. The primordia are in fact very far from being in,far
Years 1948-1952: how far locusts do in fact regulate their ground speed in,far
Years 1948-1952: 11). In view of the fact that methyl radicals are usually,usually
"Years 1948-1952: equation (15-4) lies in the fact that C/A, is usually small.",usually
"Years 1948-1952: doing more arithmetic, yet in fact he is usually content with",usually
Years 1948-1952: ascribed quite simply to the fact that biological phenomena are usually,usually
Years 1948-1952: obtained came mainly from the fact that usually only one diameter,usually
Years 1948-1952: without making use of the fact that a symbolic product containing,use
Years 1948-1952: is essential to use the fact pointed out earlier (§2) that,use
Years 1948-1952: 315 We now use the fact that K has automorphisms which,use
"Years 1948-1952: and making use of the fact that y,, satisfies the equation",use
Years 1948-1952: worth taking advantage of the fact that by making use of,use
Years 1948-1952: use is limited by the fact that the small local variations,use
"Years 1948-1952: 1,...,d—1. This follows from the fact that the sum of the",follows
Years 1948-1952: in general follows from the fact that any Mach line that,follows
Years 1948-1952: equivalent. This follows from the fact that the field is galoisian,follows
"Years 1948-1952: (equation (127)), follows from the fact that in any homogeneous turbulence",follows
Years 1948-1952: x = z. From this fact it easily follows that (2:1),follows
"Years 1948-1952: [B,, F\, 4]. From this fact theorem 2 follows for R",follows
"Years 1948-1952: theorem 3 follows from the fact that, if a line moves",follows
Years 1948-1952: follows from the already proved fact (§ 10) that theorem XIV,follows
Years 1948-1952: identically. This follows from the fact that L satisfies Laplace’s equation,follows
Years 1948-1952: also borne out by the fact that the initial moisture of,initial
Years 1948-1952: initial cavity is single. This fact is of theoretical importance (see,initial
Years 1948-1952: was perfectly launched. In actual fact part of the initial tip-off,initial
Years 1948-1952: (Batchelor & Townsend 19482). The fact that the initial period decay,initial
"Years 1948-1952: (part II (1)). The main fact is that, in presence of",main
Years 1948-1952: main discrepancies arise from the fact that my values were based,main
Years 1948-1952: not find support in the fact that it constitutes the main,main
Years 1948-1952: count of heavy recoils; the fact that the observed abundance of,observed
Years 1948-1952: rocket. This explains the well-known fact frequently observed in trials that,observed
Years 1948-1952: +s results with the observed fact that areas where sediment has,observed
Years 1948-1952: for the observed anomalies. The fact that even larger anomalies are,observed
Years 1948-1952: an explanation for the observed fact that the ‘fading time’ of,observed
"Years 1948-1952: a long time, which in fact was observed in some experiments.",observed
Years 1948-1952: by such direct responses. The fact that the observed responses to,observed
Years 1948-1952: on a quiet day. The fact that the observed errors are,observed
Years 1948-1952: count of heavy recoils; the fact that the observed abundance of,observed
Years 1948-1952: rocket. This explains the well-known fact frequently observed in trials that,observed
Years 1948-1952: +s results with the observed fact that areas where sediment has,observed
Years 1948-1952: for the observed anomalies. The fact that even larger anomalies are,observed
Years 1948-1952: an explanation for the observed fact that the ‘fading time’ of,observed
"Years 1948-1952: a long time, which in fact was observed in some experiments.",observed
Years 1948-1952: by such direct responses. The fact that the observed responses to,observed
Years 1948-1952: on a quiet day. The fact that the observed errors are,observed
Years 1948-1952: gas. This accounts for the fact that although mercury fulminate may,although
"Years 1948-1952: the 2’-naphthyl compound does in fact possess slight activity, although this",although
Years 1948-1952: These results bring out the fact that although striking effects on,although
"Years 1948-1952: of determina- tion, although in fact the Lupinus apex appears to",although
Years 1948-1952: was partly due to the fact that although all the locusts,although
"Years 1948-1952: This is supported by the fact that, although there is a",although
Years 1948-1952: must therefore account for the fact that although abundance (and presumably,although
"Years 1948-1952: remains’, although microscopy is in fact constantly used in their identification.",although
"Years 1948-1952: shows, the actual record in fact covers STUDY OF THE HOPKINSON",record
Years 1948-1952: This is confirmed by the fact that the damped pendulum record,record
Years 1948-1952: receptors which would record the fact that some part of its,record
Years 1948-1952: wave. In spite of the fact that the record was confined,record
Years 1948-1952: these relationships following from the fact that is constant in Emmons,following
"Years 1948-1952: theca, penis sheath, etc., a fact clearly established in following the",following
Years 1948-1952: will be due to the fact that the two theories lead,lead
Years 1948-1952: or two crystals. From the fact that lead azide is comparatively,lead
Years 1948-1952: part III (1)). (iii) The fact that lead azide is markedly,lead
Years 1948-1952: ‘g_-may be associated with the fact that lead azide is not,lead
Years 1948-1952: or two crystals. From the fact that lead azide is comparatively,lead
"Years 1948-1952: formidable, even allowing for the fact that the integrals for the",even
Years 1948-1952: sensitized by grit. (ii) The fact that even hard grit such,even
"Years 1948-1952: or even non-occurrence spontaneously, the fact that this remarkable tumour is",even
Years 1948-1952: has resulted in death. The fact that adults emerged even from,even
"Years 1948-1952: gains some support from the fact that, even when an anterior",even
Years 1948-1952: for the observed anomalies. The fact that even larger anomalies are,even
Years 1948-1952: the ‘down-wind displacement would in fact occur even in the complete,even
Years 1948-1952: the two recipes and the fact that even if a single,even
"Years 1948-1952: x,. Even allowing for the fact that the zeros of smallest",even
Years 1948-1952: cube is uniquely determined. This fact can be used to prove,used
"Years 1948-1952: on X}, arises from the fact that they have used a",used
Years 1948-1952: may well result from the fact that the test-pieces used in,used
Years 1948-1952: is probably due to the fact that he used rich nutrient,used
"Years 1948-1952: remains’, although microscopy is in fact constantly used in their identification.",used
Years 1948-1952: specimen used was not in fact a single crystal. In the,used
Years 1948-1952: used repeatedly below. Using the fact that (s?S! | var |,used
Years 1948-1952: therefore be related to the fact that in this experiment the,experiment
"Years 1948-1952: uniform loading, and experiment in fact prefers conditions of uniform displace-",experiment
Years 1948-1952: A compact presentation of this fact is obtained from the extent,obtained
Years 1948-1952: of the organism is in fact only obtained when its relation,obtained
Years 1948-1952: incisions. Further evidence of this fact has been obtained during the,obtained
Years 1948-1952: confirmation was obtained of the fact that the very young primordium,obtained
Years 1948-1952: can be obtained from the fact that nearly all of it,obtained
Years 1948-1952: can be obtained from the fact that two semi-infinite horizontal layers,obtained
Years 1948-1952: from Kappler’s published records. The fact that we have obtained very,obtained
Years 1948-1952: obtained came mainly from the fact that usually only one diameter,obtained
"Years 1948-1952: is clearly due to the fact that the (¢,/c),a/A) curve of",curve
"Years 1948-1952: dura- tion, due to the fact that the (¢,/¢,a/A) curve shows",curve
Years 1948-1952: might be expected from the fact that the group-velocity curve has,curve
"Years 1948-1952: the type ss . Ps fact all reducible, but the analysis",type
Years 1948-1952: example of the genus. The fact that the type species of,type
Years 1948-1952: will be made of the fact that for R of type,type
"Years 1948-1952: table 11, and in actual fact this type of integral is",type
Years 1948-1952: as is shown by the fact that a few of the,shown
"Years 1948-1952: a somewhat higher rate, a fact shown by the shorter developmental",shown
Years 1948-1952: This is shown by the fact that in order to compensate,shown
"Years 1948-1952: recently shown to be in fact readily distinguishable, and many workers",shown
"Years 1948-1952: This was shown by the fact that a CO, scrubbing procedure",shown
"Years 1948-1952: Hauer is shown by the fact that the ribs (pl. vi,",shown
Years 1948-1952: data are available. But the fact that for large masses the,large
Years 1948-1952: sensitiveness to grit friction. The fact that no large temperature coefficient,large
Years 1948-1952: large is seen from the fact that for Sn* the change,large
"Years 1948-1952: becomes large and will in fact remain valid thereafter. However, in",large
Years 1948-1952: the lower limit from the fact that a large amount was,large
"Years 1948-1952: a large measure, for the fact that, in order to obtain",large
Years 1948-1952: the Enteropneusta are degenerate. The fact that large unipolar ganglion cells,large
"Years 1948-1952: this paper, arises from the fact that a large explosion in",large
"Years 1948-1952: 0:05Vy, would be conspicuous. The fact that the scatter is large",large
Years 1948-1952: quite large due to the fact hat the Mumetal shields will,large
Years 1948-1952: found in spite of the fact that most of them would,would
Years 1948-1952: would be expected from the fact that each value has a,would
Years 1948-1952: the ‘down-wind displacement would in fact occur even in the complete,would
Years 1948-1952: receptors which would record the fact that some part of its,would
"Years 1948-1952: headway, they probably would in fact be orientated down-wind, especially if",would
Years 1948-1952: otherwise would be by the fact that some of the test-pieces,would
"Years 1948-1952: would be obtained, and the fact that the dipoles are vertical",would
"Years 1948-1952: Ifsuch a procedure were in fact possible, we would hope to",would
"Years 1948-1952: 0:05Vy, would be conspicuous. The fact that the scatter is large",would
Years 1948-1952: also on account of the fact that two extra parameters would,would
"Years 1948-1952: zone boundaries, it would in fact be surprising from a theoretical",would
"Years 1948-1952: Service azide. This is in fact found with tricresyl phosphate, which",found
Years 1948-1952: found in spite of the fact that most of them would,found
"Years 1948-1952: the late-Glacial vegetation, have in fact been found in late-Glacial deposits",found
Years 1948-1952: increased by steps; but in fact the directions are found to,found
Years 1948-1952: for swarm migration. But the fact remains that Volkonsky (1939) found,found
"Years 1948-1952: to be sought in the fact that, as already found with",found
Years 1948-1952: in the same graft. The fact that no correlation was found,found
Years 1948-1952: interpretation is confirmed by the fact that opposite signs are found,found
"Years 1948-1952: the case, by using the fact that it was found satisfactory",found
Years 1948-1952: zero energy) are found in fact to correspond to finite disturbances.,found
Years 1948-1952: mistaken for cell bodies. The fact that there are some fifteen,cell
Years 1948-1952: in plants is the primary fact and cell formation only of,cell
Years 1948-1952: from neuro- epithelial cells. The fact that a cell may occur,cell
Years 1948-1952: reaction against the graft. The fact that the plasma cell response,cell
Years 1948-1952: also in view of the fact that sensitization persists on cooling,also
"Years 1948-1952: consideration, and also to the fact that, for a comparatively few",also
Years 1948-1952: The figure also records the fact that the scales are bristle-like,also
Years 1948-1952: also borne out by the fact that at 80% R.H. with,also
Years 1948-1952: also borne out by the fact that the initial moisture of,also
Years 1948-1952: also borne out by the fact that though the active larval,also
Years 1948-1952: also borne out by the fact that a much higher percentage,also
Years 1948-1952: (50) that + is in fact also given in the pulse,also
"Years 1948-1952: is also indicated by the fact that, in the present series,",also
Years 1948-1952: subdivisions is also involved. The fact that the structural results of,also
"Years 1948-1952: also be deduced, using the fact that (1, 1, 1) is",also
Years 1948-1952: amplitude but also for the fact that individual peaks are neither,also
Years 1948-1952: water and also with the fact that slightly supersaturated solutions do,also
Years 1948-1952: other external influences being in fact permissive (see also pp. 236-238).,also
Years 1948-1952: THOMAS accounts also for the fact that the agreement between theory,also
Years 1948-1952: of a two-level model. In fact there will also be on,also
Years 1948-1952: also similar except for the fact that in the former the,also
Years 1948-1952: and also because of the fact that in all the experi-,also
"Years 1948-1952: also large. This, and the fact that cylindrical symmetry is preserved",also
Years 1948-1952: also on account of the fact that two extra parameters would,also
"Years 1948-1952: some time before sectioning, a fact that may possibly account for",time
"Years 1948-1952: it, in spite of the fact that as the decay time",time
Years 1948-1952: that equation (9-4) does in fact reduce to equation (10-2) when,equation
Years 1948-1952: LONG STRIP 77 have in fact the integral equation for the,equation
Years 1948-1952: in equation (55) is in fact the exact solution for ¢<r+1+y.,equation
"Years 1948-1952: in equation (61) is in fact finite. Equations (55), (62) and",equation
"Years 1948-1952: equation (15-4) lies in the fact that C/A, is usually small.",equation
"Years 1948-1952: and making use of the fact that y,, satisfies the equation",equation
Years 1948-1952: of benzene with composition. The fact that equation (10) holds with,equation
Years 1948-1952: that of the primary. This fact entailed the development of equation,equation
"Years 1948-1952: function f(A, x,y) is in fact the left-hand side of equation",equation
Years 1948-1952: identically. This follows from the fact that L satisfies Laplace’s equation,equation
Years 1948-1952: (100). This equation does in fact set an upper limit which,equation
Years 1948-1952: part III (1)). (iii) The fact that lead azide is markedly,part
Years 1948-1952: was perfectly launched. In actual fact part of the initial tip-off,part
"Years 1948-1952: due in part to the fact that P, is continually fed",part
Years 1948-1952: account in part for the fact that the hexahydrate is much,part
Years 1948-1952: receptors which would record the fact that some part of its,part
Years 1948-1952: is probably due to the fact that the greater part of,part
Years 1948-1952: derives in part from the fact that no one since his,part
Years 1948-1952: extraordinary aberrant forms. This curious fact suggests that Arabia formed part,part
"Years 1948-1952: in part V, and the fact that only the variant terms,",part
Years 1948-1952: confirm that it is in fact only part of the free,part
Years 1948-1952: artificiality is mitigated by the fact that the general ellipsoidal form,form
Years 1948-1952: unaffected in form by the fact that viscosity is a variable.,form
Years 1948-1952: DIFFRACTION OF which is in fact of the exact form of,form
Years 1948-1952: All these forms are in fact by 7 in the form,form
Years 1948-1952: view is supported by the fact that the Leptothrix 5 form,form
Years 1948-1952: outstanding problems of geology. The fact that the rocks which form,form
Years 1948-1952: a simple explanation of the fact that the sediments which form,form
Years 1948-1952: single form for W. The fact that this form for Wis,form
Years 1948-1952: artificiality is mitigated by the fact that the general ellipsoidal form,form
Years 1948-1952: unaffected in form by the fact that viscosity is a variable.,form
Years 1948-1952: DIFFRACTION OF which is in fact of the exact form of,form
Years 1948-1952: All these forms are in fact by 7 in the form,form
Years 1948-1952: view is supported by the fact that the Leptothrix 5 form,form
Years 1948-1952: outstanding problems of geology. The fact that the rocks which form,form
Years 1948-1952: a simple explanation of the fact that the sediments which form,form
Years 1948-1952: single form for W. The fact that this form for Wis,form
Years 1948-1952: would be expected from the fact that each value has a,value
"Years 1948-1952: 5-110 x 104, and in fact the highest value of the",value
Years 1948-1952: bending moment under consideration. In fact this lowest value B’ of,value
"Years 1948-1952: each value of w. The fact that the many solutions x,",value
Years 1948-1952: would be expected from the fact that each value has a,value
"Years 1948-1952: 5-110 x 104, and in fact the highest value of the",value
Years 1948-1952: bending moment under consideration. In fact this lowest value B’ of,value
"Years 1948-1952: each value of w. The fact that the many solutions x,",value
Years 1948-1952: would be expected from the fact that each value has a,value
"Years 1948-1952: 5-110 x 104, and in fact the highest value of the",value
Years 1948-1952: bending moment under consideration. In fact this lowest value B’ of,value
"Years 1948-1952: each value of w. The fact that the many solutions x,",value
Years 1948-1952: would be expected from the fact that each value has a,value
"Years 1948-1952: 5-110 x 104, and in fact the highest value of the",value
Years 1948-1952: bending moment under consideration. In fact this lowest value B’ of,value
"Years 1948-1952: each value of w. The fact that the many solutions x,",value
Years 1948-1952: artificiality is mitigated by the fact that the general ellipsoidal form,form
Years 1948-1952: unaffected in form by the fact that viscosity is a variable.,form
Years 1948-1952: DIFFRACTION OF which is in fact of the exact form of,form
Years 1948-1952: All these forms are in fact by 7 in the form,form
Years 1948-1952: view is supported by the fact that the Leptothrix 5 form,form
Years 1948-1952: outstanding problems of geology. The fact that the rocks which form,form
Years 1948-1952: a simple explanation of the fact that the sediments which form,form
Years 1948-1952: single form for W. The fact that this form for Wis,form
Years 1948-1952: artificiality is mitigated by the fact that the general ellipsoidal form,form
Years 1948-1952: unaffected in form by the fact that viscosity is a variable.,form
Years 1948-1952: DIFFRACTION OF which is in fact of the exact form of,form
Years 1948-1952: All these forms are in fact by 7 in the form,form
Years 1948-1952: view is supported by the fact that the Leptothrix 5 form,form
Years 1948-1952: outstanding problems of geology. The fact that the rocks which form,form
Years 1948-1952: a simple explanation of the fact that the sediments which form,form
Years 1948-1952: single form for W. The fact that this form for Wis,form
Years 1948-1952: (see figure 34) do in fact show that with a |,figure
Years 1948-1952: The figure also records the fact that the scales are bristle-like,figure
"Years 1948-1952: in figure 2, but in fact these locusts settled with every",figure
